313038323339303232373937383130343432313334393936373638393134
333039393730383135363732303033393836363335323538303433323738
363339393938363134393530373532383734333832313734383433343939
303030313039333234393534313032323530313935393330303531373534
373632363232393231333136353536303530343031303631333336333637
343031333234383935363839313633383832353932373538353838393638
323632333731363339383136393839393230383831323039303234303139
313236373733393337393730373836393531333532333636353037353332
373533383131313630383037313333373139383431383336343835363034
353638353639353439313732313534303735373430333839313330323831
343437373339340a
